44100
264600
44100
264600
44100
264600
44100
264600
44100
264600
44100
264600
44100
264600
44100
264600
44100
264600
44100
264600
44100
264600
44100
264600
44100
264600
44100
264600
44100
264600
44100
265003
44100
264600
44100
264600
44100
264600
44100
264600
44100
264600
44100
264600
44100
264600
44100
264600
44100
264600
44100
264600
44100
264600
44100
264600
44100
264600
44100
264600
44100
264600
44100
264600
44100
264600
44100
264600
44100
264600
44100
264600
44100
264600
44100
264600
44100
264600
44100
264600
44100
264600
44100
264600
44100
264600
44100
264600
44100
264600
44100
264600
44100
264600
44100
264600
44100
264600
44100
264600
44100
264600
44100
264600
44100
264600
44100
264600
44100
264600
44100
264600
44100
264600
44100
264600
44100
264600
44100
264600
44100
264600
44100
264600
44100
264600
44100
264600
44100
264600
44100
264600
44100
264600
44100
264600
44100
264600
44100
264600
44100
264600
44100
264600
44100
264600
44100
264600
44100
264600
44100
264600
44100
264600
